{"accumulated_world_transform":[[1.0,0.0,0.0,0.0],[0.0,1.0,0.0,0.0],[0.0,0.0,1.0,0.0]],"bounding_boxes":[{"file_path":"cup_noodle","instance_color":[1.0,0.0,0.0],"max":[0.051645852625370026,0.05361759290099144,0.048354122787714005],"min":[-0.047733865678310394,-0.0618664026260376,-0.05192737281322479],"transform_matrix":[[0.9672603607177734,0.06884609907865524,-0.24426954984664917,0.4660224914550781],[-0.06385113298892975,0.9975576400756836,0.02831823192536831,0.5640803575515747],[0.24562253057956696,-0.011794224381446838,0.9692938327789307,0.6116690039634705]]},{"file_path":"cup_noodle_curry","instance_color":[1.0,1.0,0.0],"max":[0.05291380360722542,0.04791203513741493,0.05450011417269707],"min":[-0.05729418247938156,-0.06186627596616745,-0.04941030591726303],"transform_matrix":[[0.9672603607177734,0.06884609907865524,-0.24426954984664917,0.3141272962093353],[-0.06385113298892975,0.9975576400756836,0.02831823192536831,0.5719258785247803],[0.24562253057956696,-0.011794224381446838,0.9692938327789307,0.5687716007232666]]},{"file_path":"cup_noodle_seafood","instance_color":[0.0,0.0,1.0],"max":[0.05800006166100502,0.04829447716474533,0.05401211231946945],"min":[-0.05162158980965614,-0.0618661604821682,-0.05384393408894539],"transform_matrix":[[0.9672603607177734,0.06884609907865524,-0.24426954984664917,0.6328535676002502],[-0.06385113298892975,0.9975576400756836,0.02831823192536831,0.5558194518089294],[0.24562253057956696,-0.011794224381446838,0.9692938327789307,0.653952956199646]]},{"file_path":"soy_blue","instance_color":[0.0,1.0,1.0],"max":[0.018279753625392914,0.06938362121582031,0.0429782010614872],"min":[-0.04999992996454239,-0.09149998426437378,-0.019518455490469933],"transform_matrix":[[0.9712972044944763,0.0,-0.2378692775964737,0.6010415554046631],[0.0,1.0,0.0,0.5877192616462708],[0.2378692775964737,0.0,0.9712972044944763,0.5263539552688599]]},{"file_path":"soy_green","instance_color":[0.0,0.7990195751190186,0.0],"max":[0.03531476855278015,0.06762373447418213,0.027284491807222366],"min":[-0.030489830300211906,-0.09149998426437378,-0.03745335340499878],"transform_matrix":[[0.9712972044944763,0.0,-0.2378692775964737,0.41769689321517944],[0.0,1.0,0.0,0.5983563661575317],[0.2378692775964737,0.0,0.9712972044944763,0.49998703598976135]]},{"file_path":"dishwashing_soap_small","instance_color":[1.0,1.0,0.0],"max":[0.04426388442516327,0.07421011477708817,0.027443351224064827],"min":[-0.03799767419695854,-0.10718191415071487,-0.03185121342539787],"transform_matrix":[[0.968846321105957,0.04099005088210106,-0.24424724280834198,0.5284028053283691],[-0.035388968884944916,0.9990013241767883,0.027278296649456024,0.6064713001251221],[0.24512146413326263,-0.01778481714427471,0.969329297542572,0.42096465826034546]]},{"file_path":"dishwashing_soap_large","instance_color":[1.0,1.0,1.0],"max":[0.04394792020320892,0.12446799874305725,0.022855617105960846],"min":[-0.05341315269470215,-0.12726400792598724,-0.054374709725379944],"transform_matrix":[[0.968846321105957,0.04099005088210106,-0.24424724280834198,0.3725033402442932],[-0.035388968884944916,0.9990013241767883,0.027278296649456024,0.6319898962974548],[0.24512146413326263,-0.01778481714427471,0.969329297542572,0.3849473297595978]]},{"file_path":"koala","instance_color":[1.0,1.0,1.0],"max":[0.037116438150405884,0.031326137483119965,0.027045851573348045],"min":[-0.04100408777594566,-0.10718194395303726,-0.044936783611774445],"transform_matrix":[[0.968846321105957,0.04099005088210106,-0.24424724280834198,0.694093644618988],[-0.035388968884944916,0.9990013241767883,0.027278296649456024,0.5955560207366943],[0.24512146413326263,-0.01778481714427471,0.969329297542572,0.4611072242259979]]}],"labeling_origin":[[0.9653052687644958,0.0650746077299118,-0.2528854012489319,0.4843504726886749],[-0.06774706393480301,0.9977008700370789,-0.0018649583216756582,0.49563339352607727],[0.25218263268470764,0.01893249899148941,0.9674946069717407,0.5181297063827515]],"markers":[]}