{
  "frames": [
    {
      "file_path": "./processed_imgs/0060.jpg",
      "sharpness": 428.80170041307815,
      "transform_matrix": [
        [
          -0.281184459594708,
          0.699653604317297,
          -0.6568257185914907,
          -0.5403236998271457
        ],
        [
          -0.9559736406773495,
          -0.14433377557375932,
          0.2555035236440425,
          0.2640286382426899
        ],
        [
          0.08396182969270169,
          0.69975176549404,
          0.7094348999955647,
          0.5742193103970271
        ],
        [
          0.0,
          0.0,
          0.0,
          1.0
        ]
      ],
      "w": 1440.0,
      "h": 1920.0,
      "fl_x": 1393.49,
      "fl_y": 1393.49,
      "k1": 0.00964986,
      "k2": 0,
      "k3": 0,
      "k4": 0,
      "p1": 0,
      "p2": 0,
      "cx": 720.0,
      "cy": 960.0,
      "is_fisheye": false,
      "camera_angle_x": 0.9538179090354398,
      "camera_angle_y": 1.2064988549300373,
      "fovx": 54.64974061172377,
      "fovy": 69.12729237485772
    },
    {
      "file_path": "./processed_imgs/0010.jpg",
      "sharpness": 509.10859329656273,
      "transform_matrix": [
        [
          -0.1617778090622468,
          0.716413774057283,
          -0.678659497496671,
          -0.5668277512495346
        ],
        [
          -0.9841433489792943,
          -0.06644393647123627,
          0.16445832569890378,
          0.12713465852402622
        ],
        [
          0.07272741740909633,
          0.694504287935839,
          0.7158034049393811,
          0.5748884489154793
        ],
        [
          0.0,
          0.0,
          0.0,
          1.0
        ]
      ],
      "w": 1440.0,
      "h": 1920.0,
      "fl_x": 1391.76,
      "fl_y": 1391.76,
      "k1": 0.0103518,
      "k2": 0,
      "k3": 0,
      "k4": 0,
      "p1": 0,
      "p2": 0,
      "cx": 720.0,
      "cy": 960.0,
      "is_fisheye": false,
      "camera_angle_x": 0.954831496835435,
      "camera_angle_y": 1.2076598459814554,
      "fovx": 54.70781491482945,
      "fovy": 69.19381226215643
    },
    {
      "file_path": "./processed_imgs/0030.jpg",
      "sharpness": 438.4298260294057,
      "transform_matrix": [
        [
          -0.1664140518041631,
          0.7175159392957159,
          -0.6763716633289915,
          -0.5619163707431588
        ],
        [
          -0.9813455654303231,
          -0.05354317136393481,
          0.18464938119687316,
          0.1629251338825536
        ],
        [
          0.09627373156745715,
          0.6944816729139556,
          0.7130403794275377,
          0.5767711135137084
        ],
        [
          0.0,
          0.0,
          0.0,
          1.0
        ]
      ],
      "w": 1440.0,
      "h": 1920.0,
      "fl_x": 1391.12,
      "fl_y": 1391.12,
      "k1": 0.0117905,
      "k2": 0,
      "k3": 0,
      "k4": 0,
      "p1": 0,
      "p2": 0,
      "cx": 720.0,
      "cy": 960.0,
      "is_fisheye": false,
      "camera_angle_x": 0.9552069696598505,
      "camera_angle_y": 1.2080898413474752,
      "fovx": 54.72932792299031,
      "fovy": 69.21844918183955
    },
    {
      "file_path": "./processed_imgs/0020.jpg",
      "sharpness": 474.36907017846687,
      "transform_matrix": [
        [
          -0.15996145726989944,
          0.7159976371513699,
          -0.679527666253232,
          -0.5659035249559174
        ],
        [
          -0.9834128191206265,
          -0.055967087900449464,
          0.17252549898042072,
          0.14039946218730234
        ],
        [
          0.08549673380193804,
          0.6958548770834148,
          0.7130752336846409,
          0.5756047647000966
        ],
        [
          0.0,
          0.0,
          0.0,
          1.0
        ]
      ],
      "w": 1440.0,
      "h": 1920.0,
      "fl_x": 1391.39,
      "fl_y": 1391.39,
      "k1": 0.0104517,
      "k2": 0,
      "k3": 0,
      "k4": 0,
      "p1": 0,
      "p2": 0,
      "cx": 720.0,
      "cy": 960.0,
      "is_fisheye": false,
      "camera_angle_x": 0.955048533836227,
      "camera_angle_y": 1.2079084043706911,
      "fovx": 54.72025021897301,
      "fovy": 69.20805360882221
    },
    {
      "file_path": "./processed_imgs/0000.jpg",
      "sharpness": 547.8650106333793,
      "transform_matrix": [
        [
          -0.1587946731053718,
          0.7153061032821396,
          -0.6805326134611448,
          -0.5677768769122304
        ],
        [
          -0.9846415629624634,
          -0.06406150012645663,
          0.16242020394432458,
          0.123158626252122
        ],
        [
          0.07258412575409973,
          0.6958700462982647,
          0.7144903344062951,
          0.5763521933297933
        ],
        [
          0.0,
          0.0,
          0.0,
          1.0
        ]
      ],
      "w": 1440.0,
      "h": 1920.0,
      "fl_x": 1393.49,
      "fl_y": 1393.49,
      "k1": 0.00993737,
      "k2": 0,
      "k3": 0,
      "k4": 0,
      "p1": 0,
      "p2": 0,
      "cx": 720.0,
      "cy": 960.0,
      "is_fisheye": false,
      "camera_angle_x": 0.9538179090354398,
      "camera_angle_y": 1.2064988549300373,
      "fovx": 54.64974061172377,
      "fovy": 69.12729237485772
    },
    {
      "file_path": "./processed_imgs/0040.jpg",
      "sharpness": 288.45719453516483,
      "transform_matrix": [
        [
          -0.18816102665318957,
          0.7128444056122397,
          -0.6756079114764564,
          -0.5559003238794384
        ],
        [
          -0.9769370721147679,
          -0.06515297439442372,
          0.20333917572484292,
          0.19524315113587595
        ],
        [
          0.10093143046638071,
          0.6982883923123177,
          0.7086650502191051,
          0.577088902124638
        ],
        [
          0.0,
          0.0,
          0.0,
          1.0
        ]
      ],
      "w": 1440.0,
      "h": 1920.0,
      "fl_x": 1392.31,
      "fl_y": 1392.31,
      "k1": 0.0104792,
      "k2": 0,
      "k3": 0,
      "k4": 0,
      "p1": 0,
      "p2": 0,
      "cx": 720.0,
      "cy": 960.0,
      "is_fisheye": false,
      "camera_angle_x": 0.9545090424542897,
      "camera_angle_y": 1.2072905327492414,
      "fovx": 54.689339639704315,
      "fovy": 69.17265217263223
    },
    {
      "file_path": "./processed_imgs/0100.jpg",
      "sharpness": 453.01356061886713,
      "transform_matrix": [
        [
          -0.44732905923586946,
          0.6665932821804531,
          -0.5962770622705844,
          -0.500588185892858
        ],
        [
          -0.8915613686368649,
          -0.27958874746954593,
          0.35629298554749605,
          0.34494060299031215
        ],
        [
          0.0707902901996064,
          0.6910002538302479,
          0.7193798494542694,
          0.5641570209575624
        ],
        [
          0.0,
          0.0,
          0.0,
          1.0
        ]
      ],
      "w": 1440.0,
      "h": 1920.0,
      "fl_x": 1394.49,
      "fl_y": 1394.49,
      "k1": 0.0074851,
      "k2": 0,
      "k3": 0,
      "k4": 0,
      "p1": 0,
      "p2": 0,
      "cx": 720.0,
      "cy": 960.0,
      "is_fisheye": false,
      "camera_angle_x": 0.9532329255470353,
      "camera_angle_y": 1.2058286529426119,
      "fovx": 54.61622352675336,
      "fovy": 69.08889262955695
    },
    {
      "file_path": "./processed_imgs/0200.jpg",
      "sharpness": 401.34468785671464,
      "transform_matrix": [
        [
          -0.7745253785313768,
          0.496061555307165,
          -0.39246754155268876,
          -0.3252502169446957
        ],
        [
          -0.628891791847487,
          -0.5373576049395914,
          0.5619068673205503,
          0.4891815257814089
        ],
        [
          0.06784508670986852,
          0.6820324009567835,
          0.728168138132234,
          0.5578426046224034
        ],
        [
          0.0,
          0.0,
          0.0,
          1.0
        ]
      ],
      "w": 1440.0,
      "h": 1920.0,
      "fl_x": 1395.63,
      "fl_y": 1395.63,
      "k1": 0.00692062,
      "k2": 0,
      "k3": 0,
      "k4": 0,
      "p1": 0,
      "p2": 0,
      "cx": 720.0,
      "cy": 960.0,
      "is_fisheye": false,
      "camera_angle_x": 0.952566851857399,
      "camera_angle_y": 1.205065417731104,
      "fovx": 54.57806031549248,
      "fovy": 69.04516247316178
    },
    {
      "file_path": "./processed_imgs/0110.jpg",
      "sharpness": 349.23527477449454,
      "transform_matrix": [
        [
          -0.4739925648484714,
          0.6716102682325921,
          -0.5694456796992285,
          -0.4897529597169323
        ],
        [
          -0.8761988230222418,
          -0.2957072383933,
          0.3805660855931611,
          0.3559126372822806
        ],
        [
          0.08720298140581616,
          0.6793346144145087,
          0.728628925598668,
          0.5595595965109623
        ],
        [
          0.0,
          0.0,
          0.0,
          1.0
        ]
      ],
      "w": 1440.0,
      "h": 1920.0,
      "fl_x": 1393.56,
      "fl_y": 1393.56,
      "k1": 0.00728972,
      "k2": 0,
      "k3": 0,
      "k4": 0,
      "p1": 0,
      "p2": 0,
      "cx": 720.0,
      "cy": 960.0,
      "is_fisheye": false,
      "camera_angle_x": 0.9537769386206782,
      "camera_angle_y": 1.2064519195571373,
      "fovx": 54.64739317987303,
      "fovy": 69.12460317608067
    },
    {
      "file_path": "./processed_imgs/0050.jpg",
      "sharpness": 416.0145985018002,
      "transform_matrix": [
        [
          -0.23057275204056632,
          0.7106286849816543,
          -0.6647156067831528,
          -0.5485775375092874
        ],
        [
          -0.969303429095498,
          -0.10779454624821724,
          0.22098631614499564,
          0.2302691222854615
        ],
        [
          0.085386353152472,
          0.6952620721835606,
          0.7136664776687395,
          0.5753866170990131
        ],
        [
          0.0,
          0.0,
          0.0,
          1.0
        ]
      ],
      "w": 1440.0,
      "h": 1920.0,
      "fl_x": 1392.22,
      "fl_y": 1392.22,
      "k1": 0.0101159,
      "k2": 0,
      "k3": 0,
      "k4": 0,
      "p1": 0,
      "p2": 0,
      "cx": 720.0,
      "cy": 960.0,
      "is_fisheye": false,
      "camera_angle_x": 0.9545617939617506,
      "camera_angle_y": 1.2073509522910206,
      "fovx": 54.69236207844477,
      "fovy": 69.17611395737629
    },
    {
      "file_path": "./processed_imgs/0080.jpg",
      "sharpness": 374.77395584646274,
      "transform_matrix": [
        [
          -0.3676440334510241,
          0.6816804913706482,
          -0.6325744610198166,
          -0.5172398295953222
        ],
        [
          -0.9271344169937142,
          -0.21561734413292602,
          0.306482966667941,
          0.3180741373681177
        ],
        [
          0.0725294024208765,
          0.6991576131059928,
          0.711279215356834,
          0.5691636352583463
        ],
        [
          0.0,
          0.0,
          0.0,
          1.0
        ]
      ],
      "w": 1440.0,
      "h": 1920.0,
      "fl_x": 1393.29,
      "fl_y": 1393.29,
      "k1": 0.00823978,
      "k2": 0,
      "k3": 0,
      "k4": 0,
      "p1": 0,
      "p2": 0,
      "cx": 720.0,
      "cy": 960.0,
      "is_fisheye": false,
      "camera_angle_x": 0.9539349852670532,
      "camera_angle_y": 1.2066329736174,
      "fovx": 54.656448585676515,
      "fovy": 69.13497680959743
    },
    {
      "file_path": "./processed_imgs/0190.jpg",
      "sharpness": 342.31587597976437,
      "transform_matrix": [
        [
          -0.7240626666512014,
          0.5428585104229042,
          -0.42548533944515643,
          -0.34640429383175253
        ],
        [
          -0.6845044552517004,
          -0.4897352538289517,
          0.5400119572789935,
          0.4701254634416693
        ],
        [
          0.08477492187740114,
          0.6822491835998102,
          0.7261881736720343,
          0.5594153829910448
        ],
        [
          0.0,
          0.0,
          0.0,
          1.0
        ]
      ],
      "w": 1440.0,
      "h": 1920.0,
      "fl_x": 1396.59,
      "fl_y": 1396.59,
      "k1": 0.00686391,
      "k2": 0,
      "k3": 0,
      "k4": 0,
      "p1": 0,
      "p2": 0,
      "cx": 720.0,
      "cy": 960.0,
      "is_fisheye": false,
      "camera_angle_x": 0.9520066139107157,
      "camera_angle_y": 1.2044233495135181,
      "fovx": 54.54596104562446,
      "fovy": 69.00837467413463
    },
    {
      "file_path": "./processed_imgs/0070.jpg",
      "sharpness": 404.77772403668683,
      "transform_matrix": [
        [
          -0.32251770329614654,
          0.6922676248859274,
          -0.6455604237520834,
          -0.5275902972843771
        ],
        [
          -0.9431771480011899,
          -0.1773902578544499,
          0.28098035043758146,
          0.294290645393287
        ],
        [
          0.07999745457005547,
          0.6994987177933516,
          0.7101422063468881,
          0.5714330464504676
        ],
        [
          0.0,
          0.0,
          0.0,
          1.0
        ]
      ],
      "w": 1440.0,
      "h": 1920.0,
      "fl_x": 1392.21,
      "fl_y": 1392.21,
      "k1": 0.00939015,
      "k2": 0,
      "k3": 0,
      "k4": 0,
      "p1": 0,
      "p2": 0,
      "cx": 720.0,
      "cy": 960.0,
      "is_fisheye": false,
      "camera_angle_x": 0.9545676555725242,
      "camera_angle_y": 1.2073576659002543,
      "fovx": 54.692697924003255,
      "fovy": 69.17649861885067
    },
    {
      "file_path": "./processed_imgs/0090.jpg",
      "sharpness": 380.53069625139597,
      "transform_matrix": [
        [
          -0.4106523797552211,
          0.6721747053443748,
          -0.6160704568336911,
          -0.5079627494369985
        ],
        [
          -0.9092183682871542,
          -0.2511660666017465,
          0.3320159471974675,
          0.33377468873162525
        ],
        [
          0.06843683199408346,
          0.6964876644469769,
          0.7142977809406817,
          0.5669832800079272
        ],
        [
          0.0,
          0.0,
          0.0,
          1.0
        ]
      ],
      "w": 1440.0,
      "h": 1920.0,
      "fl_x": 1393.88,
      "fl_y": 1393.88,
      "k1": 0.00801013,
      "k2": 0,
      "k3": 0,
      "k4": 0,
      "p1": 0,
      "p2": 0,
      "cx": 720.0,
      "cy": 960.0,
      "is_fisheye": false,
      "camera_angle_x": 0.9535896866609503,
      "camera_angle_y": 1.2062373985688568,
      "fovx": 54.63666443287507,
      "fovy": 69.11231202883522
    },
    {
      "file_path": "./processed_imgs/0180.jpg",
      "sharpness": 580.370830003555,
      "transform_matrix": [
        [
          -0.6788902978663621,
          0.5817383256192179,
          -0.4479854274647409,
          -0.36434342988810803
        ],
        [
          -0.7281192671671276,
          -0.4547730697111789,
          0.5128608339672709,
          0.4539172238540368
        ],
        [
          0.09461896961980333,
          0.6743615118912564,
          0.7323140137101709,
          0.5594243958216134
        ],
        [
          0.0,
          0.0,
          0.0,
          1.0
        ]
      ],
      "w": 1440.0,
      "h": 1920.0,
      "fl_x": 1395.3,
      "fl_y": 1395.3,
      "k1": 0.00678181,
      "k2": 0,
      "k3": 0,
      "k4": 0,
      "p1": 0,
      "p2": 0,
      "cx": 720.0,
      "cy": 960.0,
      "is_fisheye": false,
      "camera_angle_x": 0.9527595742708147,
      "camera_angle_y": 1.2052862671924651,
      "fovx": 54.58910249639878,
      "fovy": 69.0578162152055
    },
    {
      "file_path": "./processed_imgs/0230.jpg",
      "sharpness": 534.0181271131538,
      "transform_matrix": [
        [
          -0.8722566520938855,
          0.3853082553868204,
          -0.3011683680869487,
          -0.26336383130256424
        ],
        [
          -0.4861285726833565,
          -0.6159819829461177,
          0.619872344731036,
          0.5515749551707011
        ],
        [
          0.05332778751912703,
          0.6870965586144017,
          0.724606411609093,
          0.5658181282354177
        ],
        [
          0.0,
          0.0,
          0.0,
          1.0
        ]
      ],
      "w": 1440.0,
      "h": 1920.0,
      "fl_x": 1396.53,
      "fl_y": 1396.53,
      "k1": 0.00846501,
      "k2": 0,
      "k3": 0,
      "k4": 0,
      "p1": 0,
      "p2": 0,
      "cx": 720.0,
      "cy": 960.0,
      "is_fisheye": false,
      "camera_angle_x": 0.9520416109561576,
      "camera_angle_y": 1.2044634612157916,
      "fovx": 54.5479662286237,
      "fovy": 69.01067290538398
    },
    {
      "file_path": "./processed_imgs/0160.jpg",
      "sharpness": 558.060453971352,
      "transform_matrix": [
        [
          -0.6252121503748073,
          0.6086502630584189,
          -0.48852366881517845,
          -0.39905195164667046
        ],
        [
          -0.7754606343641723,
          -0.41375818607440373,
          0.4769336594190073,
          0.4234044948010598
        ],
        [
          0.08815509505196803,
          0.6770151155323963,
          0.7306703882134566,
          0.5588747852859935
        ],
        [
          0.0,
          0.0,
          0.0,
          1.0
        ]
      ],
      "w": 1440.0,
      "h": 1920.0,
      "fl_x": 1394.5,
      "fl_y": 1394.5,
      "k1": 0.00734855,
      "k2": 0,
      "k3": 0,
      "k4": 0,
      "p1": 0,
      "p2": 0,
      "cx": 720.0,
      "cy": 960.0,
      "is_fisheye": false,
      "camera_angle_x": 0.9532270790571153,
      "camera_angle_y": 1.205821954215804,
      "fovx": 54.61588854755597,
      "fovy": 69.08850882078275
    },
    {
      "file_path": "./processed_imgs/0220.jpg",
      "sharpness": 516.2621729005394,
      "transform_matrix": [
        [
          -0.8441789861542707,
          0.4196214292266243,
          -0.33358669045367517,
          -0.2835729321660056
        ],
        [
          -0.5332769207761298,
          -0.5940295010613424,
          0.6022832065667483,
          0.5333460766242993
        ],
        [
          0.054570589216082446,
          0.6863286639243015,
          0.7252413512140303,
          0.5643283322998764
        ],
        [
          0.0,
          0.0,
          0.0,
          1.0
        ]
      ],
      "w": 1440.0,
      "h": 1920.0,
      "fl_x": 1396.86,
      "fl_y": 1396.86,
      "k1": 0.00754082,
      "k2": 0,
      "k3": 0,
      "k4": 0,
      "p1": 0,
      "p2": 0,
      "cx": 720.0,
      "cy": 960.0,
      "is_fisheye": false,
      "camera_angle_x": 0.9518491566008506,
      "camera_angle_y": 1.2042428758148767,
      "fovx": 54.536939406315696,
      "fovy": 68.99803429288936
    },
    {
      "file_path": "./processed_imgs/0150.jpg",
      "sharpness": 440.57905960037846,
      "transform_matrix": [
        [
          -0.5925777075482711,
          0.6202445678158445,
          -0.5139549897355964,
          -0.41636130761151097
        ],
        [
          -0.8009310791300759,
          -0.38572195330976605,
          0.4579621934586474,
          0.41084473670811167
        ],
        [
          0.0858047758171246,
          0.6830198179865222,
          0.7253423161420006,
          0.5571311478712204
        ],
        [
          0.0,
          0.0,
          0.0,
          1.0
        ]
      ],
      "w": 1440.0,
      "h": 1920.0,
      "fl_x": 1393.96,
      "fl_y": 1393.96,
      "k1": 0.00722591,
      "k2": 0,
      "k3": 0,
      "k4": 0,
      "p1": 0,
      "p2": 0,
      "cx": 720.0,
      "cy": 960.0,
      "is_fisheye": false,
      "camera_angle_x": 0.9535428842748306,
      "camera_angle_y": 1.2061837787598806,
      "fovx": 54.633982853679264,
      "fovy": 69.1092398400826
    },
    {
      "file_path": "./processed_imgs/0210.jpg",
      "sharpness": 501.8740579352229,
      "transform_matrix": [
        [
          -0.8133679557620342,
          0.4573864047903492,
          -0.3594834112401487,
          -0.30460690890414727
        ],
        [
          -0.5785395104798249,
          -0.5711564375349032,
          0.5822975550921732,
          0.5116085547110111
        ],
        [
          0.061013798195839256,
          0.6815987529296513,
          0.7291779268194447,
          0.5598267266294853
        ],
        [
          0.0,
          0.0,
          0.0,
          1.0
        ]
      ],
      "w": 1440.0,
      "h": 1920.0,
      "fl_x": 1396.43,
      "fl_y": 1396.43,
      "k1": 0.00670171,
      "k2": 0,
      "k3": 0,
      "k4": 0,
      "p1": 0,
      "p2": 0,
      "cx": 720.0,
      "cy": 960.0,
      "is_fisheye": false,
      "camera_angle_x": 0.9520999446448937,
      "camera_angle_y": 1.2045303192545642,
      "fovx": 54.55130850279171,
      "fovy": 69.01450358883217
    },
    {
      "file_path": "./processed_imgs/0250.jpg",
      "sharpness": 471.45261538888855,
      "transform_matrix": [
        [
          -0.9180108566068933,
          0.3088492118877608,
          -0.24873524161031005,
          -0.2320548225047032
        ],
        [
          -0.39468063821369403,
          -0.6506532648382922,
          0.6487515000782796,
          0.581884711721502
        ],
        [
          0.03852595318144164,
          0.6937312671632873,
          0.7192028116002397,
          0.5712055996162163
        ],
        [
          0.0,
          0.0,
          0.0,
          1.0
        ]
      ],
      "w": 1440.0,
      "h": 1920.0,
      "fl_x": 1397.33,
      "fl_y": 1397.33,
      "k1": 0.00919447,
      "k2": 0,
      "k3": 0,
      "k4": 0,
      "p1": 0,
      "p2": 0,
      "cx": 720.0,
      "cy": 960.0,
      "is_fisheye": false,
      "camera_angle_x": 0.9515751789406339,
      "camera_angle_y": 1.203928830908936,
      "fovx": 54.52124164270442,
      "fovy": 68.98004084520136
    },
    {
      "file_path": "./processed_imgs/0300.jpg",
      "sharpness": 350.67180056036807,
      "transform_matrix": [
        [
          -0.9638566270415735,
          0.21917369620396093,
          -0.151471484789323,
          -0.12845752175247468
        ],
        [
          -0.2629762759636886,
          -0.6915233513142891,
          0.6727846972891925,
          0.6057046708379533
        ],
        [
          0.0427106261615587,
          0.688301193837572,
          0.7241666040782166,
          0.5609921579299636
        ],
        [
          0.0,
          0.0,
          0.0,
          1.0
        ]
      ],
      "w": 1440.0,
      "h": 1920.0,
      "fl_x": 1397.32,
      "fl_y": 1397.32,
      "k1": 0.00828323,
      "k2": 0,
      "k3": 0,
      "k4": 0,
      "p1": 0,
      "p2": 0,
      "cx": 720.0,
      "cy": 960.0,
      "is_fisheye": false,
      "camera_angle_x": 0.9515810067361825,
      "camera_angle_y": 1.2039355112211712,
      "fovx": 54.521575550793216,
      "fovy": 68.98042359889827
    },
    {
      "file_path": "./processed_imgs/0170.jpg",
      "sharpness": 492.9085914552454,
      "transform_matrix": [
        [
          -0.6448788593272619,
          0.6046694797866592,
          -0.46744442173518996,
          -0.38127846875936033
        ],
        [
          -0.7583496009853484,
          -0.43017365984799627,
          0.48974965414592747,
          0.4384326027690712
        ],
        [
          0.0950544790146526,
          0.6703166180728694,
          0.7359621381972973,
          0.5593870430148915
        ],
        [
          0.0,
          0.0,
          0.0,
          1.0
        ]
      ],
      "w": 1440.0,
      "h": 1920.0,
      "fl_x": 1394.39,
      "fl_y": 1394.39,
      "k1": 0.00688006,
      "k2": 0,
      "k3": 0,
      "k4": 0,
      "p1": 0,
      "p2": 0,
      "cx": 720.0,
      "cy": 960.0,
      "is_fisheye": false,
      "camera_angle_x": 0.953291394087574,
      "camera_angle_y": 1.2058956437958777,
      "fovx": 54.61957352736051,
      "fovy": 69.09273092271506
    },
    {
      "file_path": "./processed_imgs/0240.jpg",
      "sharpness": 538.4234978974263,
      "transform_matrix": [
        [
          -0.8993515007451551,
          0.3404200526891647,
          -0.2743699603817468,
          -0.24702910973745934
        ],
        [
          -0.4351625354548386,
          -0.6360657527947696,
          0.6372218933678538,
          0.5665746575719502
        ],
        [
          0.04240586213137695,
          0.6924834032098043,
          0.7201864133488824,
          0.5681912084242448
        ],
        [
          0.0,
          0.0,
          0.0,
          1.0
        ]
      ],
      "w": 1440.0,
      "h": 1920.0,
      "fl_x": 1395.7,
      "fl_y": 1395.7,
      "k1": 0.00966695,
      "k2": 0,
      "k3": 0,
      "k4": 0,
      "p1": 0,
      "p2": 0,
      "cx": 720.0,
      "cy": 960.0,
      "is_fisheye": false,
      "camera_angle_x": 0.9525259805988003,
      "camera_angle_y": 1.2050185799894482,
      "fovx": 54.575718564871394,
      "fovy": 69.04247886824298
    },
    {
      "file_path": "./processed_imgs/0140.jpg",
      "sharpness": 446.20038952974784,
      "transform_matrix": [
        [
          -0.5470815630676646,
          0.6365452086344637,
          -0.5436108835880271,
          -0.4347914039190709
        ],
        [
          -0.8321362805372612,
          -0.3430893409326135,
          0.43570602871502023,
          0.39690526614003646
        ],
        [
          0.09083944430922432,
          0.690724537151041,
          0.7173895830679787,
          0.5551233877919105
        ],
        [
          0.0,
          0.0,
          0.0,
          1.0
        ]
      ],
      "w": 1440.0,
      "h": 1920.0,
      "fl_x": 1394.25,
      "fl_y": 1394.25,
      "k1": 0.00714444,
      "k2": 0,
      "k3": 0,
      "k4": 0,
      "p1": 0,
      "p2": 0,
      "cx": 720.0,
      "cy": 960.0,
      "is_fisheye": false,
      "camera_angle_x": 0.9533732611683977,
      "camera_angle_y": 1.2059894419426838,
      "fovx": 54.62426416557276,
      "fovy": 69.0981051606532
    },
    {
      "file_path": "./processed_imgs/0310.jpg",
      "sharpness": 424.4630725851091,
      "transform_matrix": [
        [
          -0.9716482719809025,
          0.20182853577736004,
          -0.12314291606217821,
          -0.10810893334361593
        ],
        [
          -0.23133527369193232,
          -0.7040396678492518,
          0.6714249325254797,
          0.6032678234276142
        ],
        [
          0.04881524411865657,
          0.6808766173548149,
          0.7307695266115514,
          0.5641173336693563
        ],
        [
          0.0,
          0.0,
          0.0,
          1.0
        ]
      ],
      "w": 1440.0,
      "h": 1920.0,
      "fl_x": 1396.57,
      "fl_y": 1396.57,
      "k1": 0.00765218,
      "k2": 0,
      "k3": 0,
      "k4": 0,
      "p1": 0,
      "p2": 0,
      "cx": 720.0,
      "cy": 960.0,
      "is_fisheye": false,
      "camera_angle_x": 0.9520182793285655,
      "camera_angle_y": 1.204436719820875,
      "fovx": 54.54662942483351,
      "fovy": 69.00914073631697
    },
    {
      "file_path": "./processed_imgs/0120.jpg",
      "sharpness": 579.3971761081929,
      "transform_matrix": [
        [
          -0.497237767402634,
          0.6622275085717041,
          -0.5605418227160429,
          -0.4753877877105852
        ],
        [
          -0.8626254987970825,
          -0.3081720024971949,
          0.4011297540041189,
          0.36912654994768823
        ],
        [
          0.09289596542876018,
          0.6829959426175589,
          0.724490766493336,
          0.5588547517517424
        ],
        [
          0.0,
          0.0,
          0.0,
          1.0
        ]
      ],
      "w": 1440.0,
      "h": 1920.0,
      "fl_x": 1393.76,
      "fl_y": 1393.76,
      "k1": 0.00684983,
      "k2": 0,
      "k3": 0,
      "k4": 0,
      "p1": 0,
      "p2": 0,
      "cx": 720.0,
      "cy": 960.0,
      "is_fisheye": false,
      "camera_angle_x": 0.9536598981921686,
      "camera_angle_y": 1.20631783611025,
      "fovx": 54.64068725728702,
      "fovy": 69.11692076047146
    },
    {
      "file_path": "./processed_imgs/0290.jpg",
      "sharpness": 550.3106422450585,
      "transform_matrix": [
        [
          -0.9494891064266751,
          0.25414344616082224,
          -0.18406559440808642,
          -0.1485662674571475
        ],
        [
          -0.31056873770255844,
          -0.6771420708510832,
          0.6671013998293996,
          0.606539145856654
        ],
        [
          0.04490095326615151,
          0.6905714275380477,
          0.7218691027738567,
          0.5623277688721291
        ],
        [
          0.0,
          0.0,
          0.0,
          1.0
        ]
      ],
      "w": 1440.0,
      "h": 1920.0,
      "fl_x": 1395.67,
      "fl_y": 1395.67,
      "k1": 0.00963473,
      "k2": 0,
      "k3": 0,
      "k4": 0,
      "p1": 0,
      "p2": 0,
      "cx": 720.0,
      "cy": 960.0,
      "is_fisheye": false,
      "camera_angle_x": 0.9525434964559895,
      "camera_angle_y": 1.2050386529167691,
      "fovx": 54.57672214956289,
      "fovy": 69.04362896226094
    },
    {
      "file_path": "./processed_imgs/0260.jpg",
      "sharpness": 383.1947992586771,
      "transform_matrix": [
        [
          -0.9225903376252083,
          0.30770438824318486,
          -0.23269749488546032,
          -0.21343106411605595
        ],
        [
          -0.3830182451031254,
          -0.6584751365597127,
          0.6478507189620835,
          0.594445044147413
        ],
        [
          0.046120870080753315,
          0.6868262554619001,
          0.7253568588237499,
          0.5724856497459251
        ],
        [
          0.0,
          0.0,
          0.0,
          1.0
        ]
      ],
      "w": 1440.0,
      "h": 1920.0,
      "fl_x": 1395.89,
      "fl_y": 1395.89,
      "k1": 0.00865627,
      "k2": 0,
      "k3": 0,
      "k4": 0,
      "p1": 0,
      "p2": 0,
      "cx": 720.0,
      "cy": 960.0,
      "is_fisheye": false,
      "camera_angle_x": 0.9524150606460263,
      "camera_angle_y": 1.2048914650518157,
      "fovx": 54.56936331971365,
      "fovy": 69.03519571880356
    },
    {
      "file_path": "./processed_imgs/0280.jpg",
      "sharpness": 404.84746470007565,
      "transform_matrix": [
        [
          -0.9397412862129046,
          0.27396609551733314,
          -0.2045198251375632,
          -0.172123796843304
        ],
        [
          -0.33864161906929535,
          -0.663693084780096,
          0.6669578775481417,
          0.6068320011238826
        ],
        [
          0.04698547717543864,
          0.696027121563733,
          0.7164765232306445,
          0.5677550066273298
        ],
        [
          0.0,
          0.0,
          0.0,
          1.0
        ]
      ],
      "w": 1440.0,
      "h": 1920.0,
      "fl_x": 1396.17,
      "fl_y": 1396.17,
      "k1": 0.00984925,
      "k2": 0,
      "k3": 0,
      "k4": 0,
      "p1": 0,
      "p2": 0,
      "cx": 720.0,
      "cy": 960.0,
      "is_fisheye": false,
      "camera_angle_x": 0.9522516431283435,
      "camera_angle_y": 1.2047041805902656,
      "fovx": 54.56000018565192,
      "fovy": 69.02446510958836
    },
    {
      "file_path": "./processed_imgs/0130.jpg",
      "sharpness": 345.7358090866362,
      "transform_matrix": [
        [
          -0.5171169584589839,
          0.652468008964672,
          -0.5539658903612988,
          -0.4540234247885751
        ],
        [
          -0.8506110121504026,
          -0.3198064821112521,
          0.4173576022535356,
          0.3816436017625382
        ],
        [
          0.0951504689118157,
          0.6870304689689261,
          0.7203718053448347,
          0.5555736878718245
        ],
        [
          0.0,
          0.0,
          0.0,
          1.0
        ]
      ],
      "w": 1440.0,
      "h": 1920.0,
      "fl_x": 1392.54,
      "fl_y": 1392.54,
      "k1": 0.00756927,
      "k2": 0,
      "k3": 0,
      "k4": 0,
      "p1": 0,
      "p2": 0,
      "cx": 720.0,
      "cy": 960.0,
      "is_fisheye": false,
      "camera_angle_x": 0.9543742574896611,
      "camera_angle_y": 1.207136151303823,
      "fovx": 54.68161703008928,
      "fovy": 69.16380676737462
    },
    {
      "file_path": "./processed_imgs/0270.jpg",
      "sharpness": 539.7076529847543,
      "transform_matrix": [
        [
          -0.9306433848403903,
          0.29314907343702457,
          -0.21900881877218248,
          -0.19376971992910513
        ],
        [
          -0.3628996464513603,
          -0.6625853069348898,
          0.6551968521677797,
          0.6028218392009832
        ],
        [
          0.0469583956759074,
          0.6892338922622104,
          0.7230155902170272,
          0.5718464294660326
        ],
        [
          0.0,
          0.0,
          0.0,
          1.0
        ]
      ],
      "w": 1440.0,
      "h": 1920.0,
      "fl_x": 1395.58,
      "fl_y": 1395.58,
      "k1": 0.00946785,
      "k2": 0,
      "k3": 0,
      "k4": 0,
      "p1": 0,
      "p2": 0,
      "cx": 720.0,
      "cy": 960.0,
      "is_fisheye": false,
      "camera_angle_x": 0.9525960475961128,
      "camera_angle_y": 1.2050988752135883,
      "fovx": 54.579733108100555,
      "fovy": 69.04707944570126
    },
    {
      "file_path": "./processed_imgs/0410.jpg",
      "sharpness": 430.6813501719607,
      "transform_matrix": [
        [
          -0.984928367780696,
          -0.12493911670410092,
          0.11960792009542968,
          0.11875265295941356
        ],
        [
          0.1728403203278748,
          -0.7368927680388148,
          0.6535403580386535,
          0.6276741267270605
        ],
        [
          0.006485462828431287,
          0.6643636818665715,
          0.7473813193541371,
          0.5793322592680896
        ],
        [
          0.0,
          0.0,
          0.0,
          1.0
        ]
      ],
      "w": 1440.0,
      "h": 1920.0,
      "fl_x": 1397.91,
      "fl_y": 1397.91,
      "k1": 0.00468149,
      "k2": 0,
      "k3": 0,
      "k4": 0,
      "p1": 0,
      "p2": 0,
      "cx": 720.0,
      "cy": 960.0,
      "is_fisheye": false,
      "camera_angle_x": 0.9512372795426104,
      "camera_angle_y": 1.2035414839124934,
      "fovx": 54.50188143329766,
      "fovy": 68.95784749709813
    },
    {
      "file_path": "./processed_imgs/0420.jpg",
      "sharpness": 410.37734360632055,
      "transform_matrix": [
        [
          -0.9797230605099881,
          -0.14091945465133307,
          0.1424252164372162,
          0.1366677492276405
        ],
        [
          0.199935164086913,
          -0.7337696778649653,
          0.649313867874488,
          0.6250923545248271
        ],
        [
          0.013006334512568687,
          0.6646232582712487,
          0.7470654329631318,
          0.5807953094995624
        ],
        [
          0.0,
          0.0,
          0.0,
          1.0
        ]
      ],
      "w": 1440.0,
      "h": 1920.0,
      "fl_x": 1395.39,
      "fl_y": 1395.39,
      "k1": 0.00737404,
      "k2": 0,
      "k3": 0,
      "k4": 0,
      "p1": 0,
      "p2": 0,
      "cx": 720.0,
      "cy": 960.0,
      "is_fisheye": false,
      "camera_angle_x": 0.9527070064731796,
      "camera_angle_y": 1.2052260284896583,
      "fovx": 54.58609058345599,
      "fovy": 69.05436479177135
    },
    {
      "file_path": "./processed_imgs/0390.jpg",
      "sharpness": 379.17605683091193,
      "transform_matrix": [
        [
          -0.9957654236854441,
          -0.05353969977997775,
          0.0747267285642573,
          0.07284313105284226
        ],
        [
          0.08985381849113237,
          -0.7385364844697025,
          0.6681987103591095,
          0.6224908143477725
        ],
        [
          0.019413278612492424,
          0.6720840562204164,
          0.7402203348833215,
          0.5765828492860925
        ],
        [
          0.0,
          0.0,
          0.0,
          1.0
        ]
      ],
      "w": 1440.0,
      "h": 1920.0,
      "fl_x": 1399.01,
      "fl_y": 1399.01,
      "k1": 0.00433109,
      "k2": 0,
      "k3": 0,
      "k4": 0,
      "p1": 0,
      "p2": 0,
      "cx": 720.0,
      "cy": 960.0,
      "is_fisheye": false,
      "camera_angle_x": 0.950597044182679,
      "camera_angle_y": 1.202807459933523,
      "fovx": 54.46519864927855,
      "fovy": 68.91579102104174
    },
    {
      "file_path": "./processed_imgs/0370.jpg",
      "sharpness": 449.08526547745834,
      "transform_matrix": [
        [
          -0.9997056128040912,
          0.02292988819039226,
          0.007950675606436397,
          0.023742977900378243
        ],
        [
          -0.011368213061997002,
          -0.7318814084848848,
          0.6813374141528894,
          0.6159098533167401
        ],
        [
          0.021441930921813908,
          0.6810462579326156,
          0.7319263892885113,
          0.5719134794909737
        ],
        [
          0.0,
          0.0,
          0.0,
          1.0
        ]
      ],
      "w": 1440.0,
      "h": 1920.0,
      "fl_x": 1395.96,
      "fl_y": 1395.96,
      "k1": 0.00831127,
      "k2": 0,
      "k3": 0,
      "k4": 0,
      "p1": 0,
      "p2": 0,
      "cx": 720.0,
      "cy": 960.0,
      "is_fisheye": false,
      "camera_angle_x": 0.9523742014120843,
      "camera_angle_y": 1.2048446391544152,
      "fovx": 54.56702225805464,
      "fovy": 69.0325127925106
    },
    {
      "file_path": "./processed_imgs/0400.jpg",
      "sharpness": 335.08513102998955,
      "transform_matrix": [
        [
          -0.9903834770961608,
          -0.09417619144133146,
          0.10134126356638828,
          0.09732787125030053
        ],
        [
          0.13778201829671197,
          -0.7374392869774924,
          0.6612095393915662,
          0.6250817276547198
        ],
        [
          0.012462873066059907,
          0.66881486682756,
          0.7433245235627398,
          0.5763356026350003
        ],
        [
          0.0,
          0.0,
          0.0,
          1.0
        ]
      ],
      "w": 1440.0,
      "h": 1920.0,
      "fl_x": 1397.33,
      "fl_y": 1397.33,
      "k1": 0.00553491,
      "k2": 0,
      "k3": 0,
      "k4": 0,
      "p1": 0,
      "p2": 0,
      "cx": 720.0,
      "cy": 960.0,
      "is_fisheye": false,
      "camera_angle_x": 0.9515751789406339,
      "camera_angle_y": 1.203928830908936,
      "fovx": 54.52124164270442,
      "fovy": 68.98004084520136
    },
    {
      "file_path": "./processed_imgs/0360.jpg",
      "sharpness": 377.7120938566883,
      "transform_matrix": [
        [
          -0.9981101170559297,
          0.05646685988071359,
          -0.02426420755095201,
          -0.004473149961896345
        ],
        [
          -0.05770685973033603,
          -0.725198626868767,
          0.6861180149468433,
          0.6147373972795719
        ],
        [
          0.02114651821562318,
          0.6862208627364401,
          0.7270857972704449,
          0.569171053851846
        ],
        [
          0.0,
          0.0,
          0.0,
          1.0
        ]
      ],
      "w": 1440.0,
      "h": 1920.0,
      "fl_x": 1396.13,
      "fl_y": 1396.13,
      "k1": 0.00886484,
      "k2": 0,
      "k3": 0,
      "k4": 0,
      "p1": 0,
      "p2": 0,
      "cx": 720.0,
      "cy": 960.0,
      "is_fisheye": false,
      "camera_angle_x": 0.9522749853179906,
      "camera_angle_y": 1.2047309323906144,
      "fovx": 54.561337594603295,
      "fovy": 69.02599787484273
    },
    {
      "file_path": "./processed_imgs/0350.jpg",
      "sharpness": 449.22816642959594,
      "transform_matrix": [
        [
          -0.9926701792133152,
          0.10518228113137318,
          -0.05949888601940446,
          -0.028911043410436273
        ],
        [
          -0.11748548756612938,
          -0.7247142702464422,
